==Date==
Year        	2018
Month       	2
Day         	15
Hour        	16
Minute      	5
Second      	15
Microsecond 	322

==Instrument==
Param1 	1000
Param2 	test
Param6 	1.249012e-116
Param7 	test123m,masdf

==Metadata==
Name1 	x
Name2 	y
Unit1 	x
Unit2 	y

==Data==
 1.000000000000000e+00	 1.000000000000000e+00
 2.000000000000000e+00	 4.000000000000000e+00
 3.000000000000000e+00	 9.000000000000000e+00
 4.000000000000000e+00	 1.600000000000000e+01
 5.000000000000000e+00	 2.500000000000000e+01
 6.000000000000000e+00	 3.600000000000000e+01
 7.000000000000000e+00	 4.900000000000000e+01
 8.000000000000000e+00	 6.400000000000000e+01
 9.000000000000000e+00	 8.100000000000000e+01
 1.000000000000000e+01	 1.000000000000000e+02
 1.100000000000000e+01	 1.210000000000000e+02
 1.200000000000000e+01	 1.440000000000000e+02
 1.300000000000000e+01	 1.690000000000000e+02
 1.400000000000000e+01	 1.960000000000000e+02
 1.500000000000000e+01	 2.250000000000000e+02
 1.600000000000000e+01	 2.560000000000000e+02
 1.700000000000000e+01	 2.890000000000000e+02
 1.800000000000000e+01	 3.240000000000000e+02
 1.900000000000000e+01	 3.610000000000000e+02
 2.000000000000000e+01	 4.000000000000000e+02
 2.100000000000000e+01	 4.410000000000000e+02
 2.200000000000000e+01	 4.840000000000000e+02
 2.300000000000000e+01	 5.290000000000000e+02
 2.400000000000000e+01	 5.760000000000000e+02
 2.500000000000000e+01	 6.250000000000000e+02
 2.600000000000000e+01	 6.760000000000000e+02
 2.700000000000000e+01	 7.290000000000000e+02
 2.800000000000000e+01	 7.840000000000000e+02
 2.900000000000000e+01	 8.410000000000000e+02
 3.000000000000000e+01	 9.000000000000000e+02
 3.100000000000000e+01	 9.610000000000000e+02
 3.200000000000000e+01	 1.024000000000000e+03
 3.300000000000000e+01	 1.089000000000000e+03
 3.400000000000000e+01	 1.156000000000000e+03
 3.500000000000000e+01	 1.225000000000000e+03
 3.600000000000000e+01	 1.296000000000000e+03
 3.700000000000000e+01	 1.369000000000000e+03
 3.800000000000000e+01	 1.444000000000000e+03
 3.900000000000000e+01	 1.521000000000000e+03
 4.000000000000000e+01	 1.600000000000000e+03
 4.100000000000000e+01	 1.681000000000000e+03
 4.200000000000000e+01	 1.764000000000000e+03
 4.300000000000000e+01	 1.849000000000000e+03
 4.400000000000000e+01	 1.936000000000000e+03
 4.500000000000000e+01	 2.025000000000000e+03
 4.600000000000000e+01	 2.116000000000000e+03
 4.700000000000000e+01	 2.209000000000000e+03
 4.800000000000000e+01	 2.304000000000000e+03
 4.900000000000000e+01	 2.401000000000000e+03
 5.000000000000000e+01	 2.500000000000000e+03
 5.100000000000000e+01	 2.601000000000000e+03
 5.200000000000000e+01	 2.704000000000000e+03
 5.300000000000000e+01	 2.809000000000000e+03
 5.400000000000000e+01	 2.916000000000000e+03
 5.500000000000000e+01	 3.025000000000000e+03
 5.600000000000000e+01	 3.136000000000000e+03
 5.700000000000000e+01	 3.249000000000000e+03
 5.800000000000000e+01	 3.364000000000000e+03
 5.900000000000000e+01	 3.481000000000000e+03
 6.000000000000000e+01	 3.600000000000000e+03
 6.100000000000000e+01	 3.721000000000000e+03
 6.200000000000000e+01	 3.844000000000000e+03
 6.300000000000000e+01	 3.969000000000000e+03
 6.400000000000000e+01	 4.096000000000000e+03
 6.500000000000000e+01	 4.225000000000000e+03
 6.600000000000000e+01	 4.356000000000000e+03
 6.700000000000000e+01	 4.489000000000000e+03
 6.800000000000000e+01	 4.624000000000000e+03
 6.900000000000000e+01	 4.761000000000000e+03
 7.000000000000000e+01	 4.900000000000000e+03
 7.100000000000000e+01	 5.041000000000000e+03
 7.200000000000000e+01	 5.184000000000000e+03
 7.300000000000000e+01	 5.329000000000000e+03
 7.400000000000000e+01	 5.476000000000000e+03
 7.500000000000000e+01	 5.625000000000000e+03
 7.600000000000000e+01	 5.776000000000000e+03
 7.700000000000000e+01	 5.929000000000000e+03
 7.800000000000000e+01	 6.084000000000000e+03
 7.900000000000000e+01	 6.241000000000000e+03
 8.000000000000000e+01	 6.400000000000000e+03
 8.100000000000000e+01	 6.561000000000000e+03
 8.200000000000000e+01	 6.724000000000000e+03
 8.300000000000000e+01	 6.889000000000000e+03
 8.400000000000000e+01	 7.056000000000000e+03
 8.500000000000000e+01	 7.225000000000000e+03
 8.600000000000000e+01	 7.396000000000000e+03
 8.700000000000000e+01	 7.569000000000000e+03
 8.800000000000000e+01	 7.744000000000000e+03
 8.900000000000000e+01	 7.921000000000000e+03
 9.000000000000000e+01	 8.100000000000000e+03
 9.100000000000000e+01	 8.281000000000000e+03
 9.200000000000000e+01	 8.464000000000000e+03
 9.300000000000000e+01	 8.649000000000000e+03
 9.400000000000000e+01	 8.836000000000000e+03
 9.500000000000000e+01	 9.025000000000000e+03
 9.600000000000000e+01	 9.216000000000000e+03
 9.700000000000000e+01	 9.409000000000000e+03
 9.800000000000000e+01	 9.604000000000000e+03
 9.900000000000000e+01	 9.801000000000000e+03
 1.000000000000000e+02	 1.000000000000000e+04
 1.010000000000000e+02	 1.020100000000000e+04
 1.020000000000000e+02	 1.040400000000000e+04
 1.030000000000000e+02	 1.060900000000000e+04
 1.040000000000000e+02	 1.081600000000000e+04
 1.050000000000000e+02	 1.102500000000000e+04
 1.060000000000000e+02	 1.123600000000000e+04
 1.070000000000000e+02	 1.144900000000000e+04
 1.080000000000000e+02	 1.166400000000000e+04
 1.090000000000000e+02	 1.188100000000000e+04
 1.100000000000000e+02	 1.210000000000000e+04
 1.110000000000000e+02	 1.232100000000000e+04
 1.120000000000000e+02	 1.254400000000000e+04
 1.130000000000000e+02	 1.276900000000000e+04
 1.140000000000000e+02	 1.299600000000000e+04
 1.150000000000000e+02	 1.322500000000000e+04
 1.160000000000000e+02	 1.345600000000000e+04
 1.170000000000000e+02	 1.368900000000000e+04
 1.180000000000000e+02	 1.392400000000000e+04
 1.190000000000000e+02	 1.416100000000000e+04
 1.200000000000000e+02	 1.440000000000000e+04
 1.210000000000000e+02	 1.464100000000000e+04
 1.220000000000000e+02	 1.488400000000000e+04
 1.230000000000000e+02	 1.512900000000000e+04
 1.240000000000000e+02	 1.537600000000000e+04
 1.250000000000000e+02	 1.562500000000000e+04
 1.260000000000000e+02	 1.587600000000000e+04
 1.270000000000000e+02	 1.612900000000000e+04
 1.280000000000000e+02	 1.638400000000000e+04
 1.290000000000000e+02	 1.664100000000000e+04
 1.300000000000000e+02	 1.690000000000000e+04
 1.310000000000000e+02	 1.716100000000000e+04
 1.320000000000000e+02	 1.742400000000000e+04
 1.330000000000000e+02	 1.768900000000000e+04
 1.340000000000000e+02	 1.795600000000000e+04
 1.350000000000000e+02	 1.822500000000000e+04
 1.360000000000000e+02	 1.849600000000000e+04
 1.370000000000000e+02	 1.876900000000000e+04
 1.380000000000000e+02	 1.904400000000000e+04
 1.390000000000000e+02	 1.932100000000000e+04
 1.400000000000000e+02	 1.960000000000000e+04
 1.410000000000000e+02	 1.988100000000000e+04
 1.420000000000000e+02	 2.016400000000000e+04
 1.430000000000000e+02	 2.044900000000000e+04
 1.440000000000000e+02	 2.073600000000000e+04
 1.450000000000000e+02	 2.102500000000000e+04
 1.460000000000000e+02	 2.131600000000000e+04
 1.470000000000000e+02	 2.160900000000000e+04
 1.480000000000000e+02	 2.190400000000000e+04
 1.490000000000000e+02	 2.220100000000000e+04
 1.500000000000000e+02	 2.250000000000000e+04
 1.510000000000000e+02	 2.280100000000000e+04
 1.520000000000000e+02	 2.310400000000000e+04
 1.530000000000000e+02	 2.340900000000000e+04
 1.540000000000000e+02	 2.371600000000000e+04
 1.550000000000000e+02	 2.402500000000000e+04
 1.560000000000000e+02	 2.433600000000000e+04
 1.570000000000000e+02	 2.464900000000000e+04
 1.580000000000000e+02	 2.496400000000000e+04
 1.590000000000000e+02	 2.528100000000000e+04
 1.600000000000000e+02	 2.560000000000000e+04
 1.610000000000000e+02	 2.592100000000000e+04
 1.620000000000000e+02	 2.624400000000000e+04
 1.630000000000000e+02	 2.656900000000000e+04
 1.640000000000000e+02	 2.689600000000000e+04
 1.650000000000000e+02	 2.722500000000000e+04
 1.660000000000000e+02	 2.755600000000000e+04
 1.670000000000000e+02	 2.788900000000000e+04
 1.680000000000000e+02	 2.822400000000000e+04
 1.690000000000000e+02	 2.856100000000000e+04
 1.700000000000000e+02	 2.890000000000000e+04
 1.710000000000000e+02	 2.924100000000000e+04
 1.720000000000000e+02	 2.958400000000000e+04
 1.730000000000000e+02	 2.992900000000000e+04
 1.740000000000000e+02	 3.027600000000000e+04
 1.750000000000000e+02	 3.062500000000000e+04
 1.760000000000000e+02	 3.097600000000000e+04
 1.770000000000000e+02	 3.132900000000000e+04
 1.780000000000000e+02	 3.168400000000000e+04
 1.790000000000000e+02	 3.204100000000000e+04
 1.800000000000000e+02	 3.240000000000000e+04
 1.810000000000000e+02	 3.276100000000000e+04
 1.820000000000000e+02	 3.312400000000000e+04
 1.830000000000000e+02	 3.348900000000000e+04
 1.840000000000000e+02	 3.385600000000000e+04
 1.850000000000000e+02	 3.422500000000000e+04
 1.860000000000000e+02	 3.459600000000000e+04
 1.870000000000000e+02	 3.496900000000000e+04
 1.880000000000000e+02	 3.534400000000000e+04
 1.890000000000000e+02	 3.572100000000000e+04
 1.900000000000000e+02	 3.610000000000000e+04
 1.910000000000000e+02	 3.648100000000000e+04
 1.920000000000000e+02	 3.686400000000000e+04
 1.930000000000000e+02	 3.724900000000000e+04
 1.940000000000000e+02	 3.763600000000000e+04
 1.950000000000000e+02	 3.802500000000000e+04
 1.960000000000000e+02	 3.841600000000000e+04
 1.970000000000000e+02	 3.880900000000000e+04
 1.980000000000000e+02	 3.920400000000000e+04
 1.990000000000000e+02	 3.960100000000000e+04
 2.000000000000000e+02	 4.000000000000000e+04
 2.010000000000000e+02	 4.040100000000000e+04
 2.020000000000000e+02	 4.080400000000000e+04
 2.030000000000000e+02	 4.120900000000000e+04
 2.040000000000000e+02	 4.161600000000000e+04
 2.050000000000000e+02	 4.202500000000000e+04
 2.060000000000000e+02	 4.243600000000000e+04
 2.070000000000000e+02	 4.284900000000000e+04
 2.080000000000000e+02	 4.326400000000000e+04
 2.090000000000000e+02	 4.368100000000000e+04
 2.100000000000000e+02	 4.410000000000000e+04
 2.110000000000000e+02	 4.452100000000000e+04
 2.120000000000000e+02	 4.494400000000000e+04
 2.130000000000000e+02	 4.536900000000000e+04
 2.140000000000000e+02	 4.579600000000000e+04
 2.150000000000000e+02	 4.622500000000000e+04
 2.160000000000000e+02	 4.665600000000000e+04
 2.170000000000000e+02	 4.708900000000000e+04
 2.180000000000000e+02	 4.752400000000000e+04
 2.190000000000000e+02	 4.796100000000000e+04
 2.200000000000000e+02	 4.840000000000000e+04
 2.210000000000000e+02	 4.884100000000000e+04
 2.220000000000000e+02	 4.928400000000000e+04
 2.230000000000000e+02	 4.972900000000000e+04
 2.240000000000000e+02	 5.017600000000000e+04
 2.250000000000000e+02	 5.062500000000000e+04
 2.260000000000000e+02	 5.107600000000000e+04
 2.270000000000000e+02	 5.152900000000000e+04
 2.280000000000000e+02	 5.198400000000000e+04
 2.290000000000000e+02	 5.244100000000000e+04
 2.300000000000000e+02	 5.290000000000000e+04
 2.310000000000000e+02	 5.336100000000000e+04
 2.320000000000000e+02	 5.382400000000000e+04
 2.330000000000000e+02	 5.428900000000000e+04
 2.340000000000000e+02	 5.475600000000000e+04
 2.350000000000000e+02	 5.522500000000000e+04
 2.360000000000000e+02	 5.569600000000000e+04
 2.370000000000000e+02	 5.616900000000000e+04
 2.380000000000000e+02	 5.664400000000000e+04
 2.390000000000000e+02	 5.712100000000000e+04
 2.400000000000000e+02	 5.760000000000000e+04
 2.410000000000000e+02	 5.808100000000000e+04
 2.420000000000000e+02	 5.856400000000000e+04
 2.430000000000000e+02	 5.904900000000000e+04
 2.440000000000000e+02	 5.953600000000000e+04
 2.450000000000000e+02	 6.002500000000000e+04
 2.460000000000000e+02	 6.051600000000000e+04
 2.470000000000000e+02	 6.100900000000000e+04
 2.480000000000000e+02	 6.150400000000000e+04
 2.490000000000000e+02	 6.200100000000000e+04
 2.500000000000000e+02	 6.250000000000000e+04
 2.510000000000000e+02	 6.300100000000000e+04
 2.520000000000000e+02	 6.350400000000000e+04
 2.530000000000000e+02	 6.400900000000000e+04
 2.540000000000000e+02	 6.451600000000000e+04
 2.550000000000000e+02	 6.502500000000000e+04
 2.560000000000000e+02	 6.553600000000000e+04
 2.570000000000000e+02	 6.604900000000000e+04
 2.580000000000000e+02	 6.656400000000000e+04
 2.590000000000000e+02	 6.708100000000000e+04
 2.600000000000000e+02	 6.760000000000000e+04
 2.610000000000000e+02	 6.812100000000000e+04
 2.620000000000000e+02	 6.864400000000000e+04
 2.630000000000000e+02	 6.916900000000000e+04
 2.640000000000000e+02	 6.969600000000000e+04
 2.650000000000000e+02	 7.022500000000000e+04
 2.660000000000000e+02	 7.075600000000000e+04
 2.670000000000000e+02	 7.128900000000000e+04
 2.680000000000000e+02	 7.182400000000000e+04
 2.690000000000000e+02	 7.236100000000000e+04
 2.700000000000000e+02	 7.290000000000000e+04
 2.710000000000000e+02	 7.344100000000000e+04
 2.720000000000000e+02	 7.398400000000000e+04
 2.730000000000000e+02	 7.452900000000000e+04
 2.740000000000000e+02	 7.507600000000000e+04
 2.750000000000000e+02	 7.562500000000000e+04
 2.760000000000000e+02	 7.617600000000000e+04
 2.770000000000000e+02	 7.672900000000000e+04
 2.780000000000000e+02	 7.728400000000000e+04
 2.790000000000000e+02	 7.784100000000000e+04
 2.800000000000000e+02	 7.840000000000000e+04
 2.810000000000000e+02	 7.896100000000000e+04
 2.820000000000000e+02	 7.952400000000000e+04
 2.830000000000000e+02	 8.008900000000000e+04
 2.840000000000000e+02	 8.065600000000000e+04
 2.850000000000000e+02	 8.122500000000000e+04
 2.860000000000000e+02	 8.179600000000000e+04
 2.870000000000000e+02	 8.236900000000000e+04
 2.880000000000000e+02	 8.294400000000000e+04
 2.890000000000000e+02	 8.352100000000000e+04
 2.900000000000000e+02	 8.410000000000000e+04
 2.910000000000000e+02	 8.468100000000000e+04
 2.920000000000000e+02	 8.526400000000000e+04
 2.930000000000000e+02	 8.584900000000000e+04
 2.940000000000000e+02	 8.643600000000000e+04
 2.950000000000000e+02	 8.702500000000000e+04
 2.960000000000000e+02	 8.761600000000000e+04
 2.970000000000000e+02	 8.820900000000000e+04
 2.980000000000000e+02	 8.880400000000000e+04
 2.990000000000000e+02	 8.940100000000000e+04
 3.000000000000000e+02	 9.000000000000000e+04
 3.010000000000000e+02	 9.060100000000000e+04
 3.020000000000000e+02	 9.120400000000000e+04
 3.030000000000000e+02	 9.180900000000000e+04
 3.040000000000000e+02	 9.241600000000000e+04
 3.050000000000000e+02	 9.302500000000000e+04
 3.060000000000000e+02	 9.363600000000000e+04
 3.070000000000000e+02	 9.424900000000000e+04
 3.080000000000000e+02	 9.486400000000000e+04
 3.090000000000000e+02	 9.548100000000000e+04
 3.100000000000000e+02	 9.610000000000000e+04
 3.110000000000000e+02	 9.672100000000000e+04
 3.120000000000000e+02	 9.734400000000000e+04
 3.130000000000000e+02	 9.796900000000000e+04
 3.140000000000000e+02	 9.859600000000000e+04
 3.150000000000000e+02	 9.922500000000000e+04
 3.160000000000000e+02	 9.985600000000000e+04
 3.170000000000000e+02	 1.004890000000000e+05
 3.180000000000000e+02	 1.011240000000000e+05
 3.190000000000000e+02	 1.017610000000000e+05
 3.200000000000000e+02	 1.024000000000000e+05
 3.210000000000000e+02	 1.030410000000000e+05
 3.220000000000000e+02	 1.036840000000000e+05
 3.230000000000000e+02	 1.043290000000000e+05
 3.240000000000000e+02	 1.049760000000000e+05
 3.250000000000000e+02	 1.056250000000000e+05
 3.260000000000000e+02	 1.062760000000000e+05
 3.270000000000000e+02	 1.069290000000000e+05
 3.280000000000000e+02	 1.075840000000000e+05
 3.290000000000000e+02	 1.082410000000000e+05
 3.300000000000000e+02	 1.089000000000000e+05
 3.310000000000000e+02	 1.095610000000000e+05
 3.320000000000000e+02	 1.102240000000000e+05
 3.330000000000000e+02	 1.108890000000000e+05
 3.340000000000000e+02	 1.115560000000000e+05
 3.350000000000000e+02	 1.122250000000000e+05
 3.360000000000000e+02	 1.128960000000000e+05
 3.370000000000000e+02	 1.135690000000000e+05
 3.380000000000000e+02	 1.142440000000000e+05
 3.390000000000000e+02	 1.149210000000000e+05
 3.400000000000000e+02	 1.156000000000000e+05
 3.410000000000000e+02	 1.162810000000000e+05
 3.420000000000000e+02	 1.169640000000000e+05
 3.430000000000000e+02	 1.176490000000000e+05
 3.440000000000000e+02	 1.183360000000000e+05
 3.450000000000000e+02	 1.190250000000000e+05
 3.460000000000000e+02	 1.197160000000000e+05
 3.470000000000000e+02	 1.204090000000000e+05
 3.480000000000000e+02	 1.211040000000000e+05
 3.490000000000000e+02	 1.218010000000000e+05
 3.500000000000000e+02	 1.225000000000000e+05
 3.510000000000000e+02	 1.232010000000000e+05
 3.520000000000000e+02	 1.239040000000000e+05
 3.530000000000000e+02	 1.246090000000000e+05
 3.540000000000000e+02	 1.253160000000000e+05
 3.550000000000000e+02	 1.260250000000000e+05
 3.560000000000000e+02	 1.267360000000000e+05
 3.570000000000000e+02	 1.274490000000000e+05
 3.580000000000000e+02	 1.281640000000000e+05
 3.590000000000000e+02	 1.288810000000000e+05
 3.600000000000000e+02	 1.296000000000000e+05
 3.610000000000000e+02	 1.303210000000000e+05
 3.620000000000000e+02	 1.310440000000000e+05
 3.630000000000000e+02	 1.317690000000000e+05
 3.640000000000000e+02	 1.324960000000000e+05
 3.650000000000000e+02	 1.332250000000000e+05
 3.660000000000000e+02	 1.339560000000000e+05
 3.670000000000000e+02	 1.346890000000000e+05
 3.680000000000000e+02	 1.354240000000000e+05
 3.690000000000000e+02	 1.361610000000000e+05
 3.700000000000000e+02	 1.369000000000000e+05
 3.710000000000000e+02	 1.376410000000000e+05
 3.720000000000000e+02	 1.383840000000000e+05
 3.730000000000000e+02	 1.391290000000000e+05
 3.740000000000000e+02	 1.398760000000000e+05
 3.750000000000000e+02	 1.406250000000000e+05
 3.760000000000000e+02	 1.413760000000000e+05
 3.770000000000000e+02	 1.421290000000000e+05
 3.780000000000000e+02	 1.428840000000000e+05
 3.790000000000000e+02	 1.436410000000000e+05
 3.800000000000000e+02	 1.444000000000000e+05
 3.810000000000000e+02	 1.451610000000000e+05
 3.820000000000000e+02	 1.459240000000000e+05
 3.830000000000000e+02	 1.466890000000000e+05
 3.840000000000000e+02	 1.474560000000000e+05
 3.850000000000000e+02	 1.482250000000000e+05
 3.860000000000000e+02	 1.489960000000000e+05
 3.870000000000000e+02	 1.497690000000000e+05
 3.880000000000000e+02	 1.505440000000000e+05
 3.890000000000000e+02	 1.513210000000000e+05
 3.900000000000000e+02	 1.521000000000000e+05
 3.910000000000000e+02	 1.528810000000000e+05
 3.920000000000000e+02	 1.536640000000000e+05
 3.930000000000000e+02	 1.544490000000000e+05
 3.940000000000000e+02	 1.552360000000000e+05
 3.950000000000000e+02	 1.560250000000000e+05
 3.960000000000000e+02	 1.568160000000000e+05
 3.970000000000000e+02	 1.576090000000000e+05
 3.980000000000000e+02	 1.584040000000000e+05
 3.990000000000000e+02	 1.592010000000000e+05
 4.000000000000000e+02	 1.600000000000000e+05
 4.010000000000000e+02	 1.608010000000000e+05
 4.020000000000000e+02	 1.616040000000000e+05
 4.030000000000000e+02	 1.624090000000000e+05
 4.040000000000000e+02	 1.632160000000000e+05
 4.050000000000000e+02	 1.640250000000000e+05
 4.060000000000000e+02	 1.648360000000000e+05
 4.070000000000000e+02	 1.656490000000000e+05
 4.080000000000000e+02	 1.664640000000000e+05
 4.090000000000000e+02	 1.672810000000000e+05
 4.100000000000000e+02	 1.681000000000000e+05
 4.110000000000000e+02	 1.689210000000000e+05
 4.120000000000000e+02	 1.697440000000000e+05
 4.130000000000000e+02	 1.705690000000000e+05
 4.140000000000000e+02	 1.713960000000000e+05
 4.150000000000000e+02	 1.722250000000000e+05
 4.160000000000000e+02	 1.730560000000000e+05
 4.170000000000000e+02	 1.738890000000000e+05
 4.180000000000000e+02	 1.747240000000000e+05
 4.190000000000000e+02	 1.755610000000000e+05
 4.200000000000000e+02	 1.764000000000000e+05
 4.210000000000000e+02	 1.772410000000000e+05
 4.220000000000000e+02	 1.780840000000000e+05
 4.230000000000000e+02	 1.789290000000000e+05
 4.240000000000000e+02	 1.797760000000000e+05
 4.250000000000000e+02	 1.806250000000000e+05
 4.260000000000000e+02	 1.814760000000000e+05
 4.270000000000000e+02	 1.823290000000000e+05
 4.280000000000000e+02	 1.831840000000000e+05
 4.290000000000000e+02	 1.840410000000000e+05
 4.300000000000000e+02	 1.849000000000000e+05
 4.310000000000000e+02	 1.857610000000000e+05
 4.320000000000000e+02	 1.866240000000000e+05
 4.330000000000000e+02	 1.874890000000000e+05
 4.340000000000000e+02	 1.883560000000000e+05
 4.350000000000000e+02	 1.892250000000000e+05
 4.360000000000000e+02	 1.900960000000000e+05
 4.370000000000000e+02	 1.909690000000000e+05
 4.380000000000000e+02	 1.918440000000000e+05
 4.390000000000000e+02	 1.927210000000000e+05
 4.400000000000000e+02	 1.936000000000000e+05
 4.410000000000000e+02	 1.944810000000000e+05
 4.420000000000000e+02	 1.953640000000000e+05
 4.430000000000000e+02	 1.962490000000000e+05
 4.440000000000000e+02	 1.971360000000000e+05
 4.450000000000000e+02	 1.980250000000000e+05
 4.460000000000000e+02	 1.989160000000000e+05
 4.470000000000000e+02	 1.998090000000000e+05
 4.480000000000000e+02	 2.007040000000000e+05
 4.490000000000000e+02	 2.016010000000000e+05
 4.500000000000000e+02	 2.025000000000000e+05
 4.510000000000000e+02	 2.034010000000000e+05
 4.520000000000000e+02	 2.043040000000000e+05
 4.530000000000000e+02	 2.052090000000000e+05
 4.540000000000000e+02	 2.061160000000000e+05
 4.550000000000000e+02	 2.070250000000000e+05
 4.560000000000000e+02	 2.079360000000000e+05
 4.570000000000000e+02	 2.088490000000000e+05
 4.580000000000000e+02	 2.097640000000000e+05
 4.590000000000000e+02	 2.106810000000000e+05
 4.600000000000000e+02	 2.116000000000000e+05
 4.610000000000000e+02	 2.125210000000000e+05
 4.620000000000000e+02	 2.134440000000000e+05
 4.630000000000000e+02	 2.143690000000000e+05
 4.640000000000000e+02	 2.152960000000000e+05
 4.650000000000000e+02	 2.162250000000000e+05
 4.660000000000000e+02	 2.171560000000000e+05
 4.670000000000000e+02	 2.180890000000000e+05
 4.680000000000000e+02	 2.190240000000000e+05
 4.690000000000000e+02	 2.199610000000000e+05
 4.700000000000000e+02	 2.209000000000000e+05
 4.710000000000000e+02	 2.218410000000000e+05
 4.720000000000000e+02	 2.227840000000000e+05
 4.730000000000000e+02	 2.237290000000000e+05
 4.740000000000000e+02	 2.246760000000000e+05
 4.750000000000000e+02	 2.256250000000000e+05
 4.760000000000000e+02	 2.265760000000000e+05
 4.770000000000000e+02	 2.275290000000000e+05
 4.780000000000000e+02	 2.284840000000000e+05
 4.790000000000000e+02	 2.294410000000000e+05
 4.800000000000000e+02	 2.304000000000000e+05
 4.810000000000000e+02	 2.313610000000000e+05
 4.820000000000000e+02	 2.323240000000000e+05
 4.830000000000000e+02	 2.332890000000000e+05
 4.840000000000000e+02	 2.342560000000000e+05
 4.850000000000000e+02	 2.352250000000000e+05
 4.860000000000000e+02	 2.361960000000000e+05
 4.870000000000000e+02	 2.371690000000000e+05
 4.880000000000000e+02	 2.381440000000000e+05
 4.890000000000000e+02	 2.391210000000000e+05
 4.900000000000000e+02	 2.401000000000000e+05
 4.910000000000000e+02	 2.410810000000000e+05
 4.920000000000000e+02	 2.420640000000000e+05
 4.930000000000000e+02	 2.430490000000000e+05
 4.940000000000000e+02	 2.440360000000000e+05
 4.950000000000000e+02	 2.450250000000000e+05
 4.960000000000000e+02	 2.460160000000000e+05
 4.970000000000000e+02	 2.470090000000000e+05
 4.980000000000000e+02	 2.480040000000000e+05
 4.990000000000000e+02	 2.490010000000000e+05
 5.000000000000000e+02	 2.500000000000000e+05
 5.010000000000000e+02	 2.510010000000000e+05
 5.020000000000000e+02	 2.520040000000000e+05
 5.030000000000000e+02	 2.530090000000000e+05
 5.040000000000000e+02	 2.540160000000000e+05
 5.050000000000000e+02	 2.550250000000000e+05
 5.060000000000000e+02	 2.560360000000000e+05
 5.070000000000000e+02	 2.570490000000000e+05
 5.080000000000000e+02	 2.580640000000000e+05
 5.090000000000000e+02	 2.590810000000000e+05
 5.100000000000000e+02	 2.601000000000000e+05
 5.110000000000000e+02	 2.611210000000000e+05
 5.120000000000000e+02	 2.621440000000000e+05
 5.130000000000000e+02	 2.631690000000000e+05
 5.140000000000000e+02	 2.641960000000000e+05
 5.150000000000000e+02	 2.652250000000000e+05
 5.160000000000000e+02	 2.662560000000000e+05
 5.170000000000000e+02	 2.672890000000000e+05
 5.180000000000000e+02	 2.683240000000000e+05
 5.190000000000000e+02	 2.693610000000000e+05
 5.200000000000000e+02	 2.704000000000000e+05
 5.210000000000000e+02	 2.714410000000000e+05
 5.220000000000000e+02	 2.724840000000000e+05
 5.230000000000000e+02	 2.735290000000000e+05
 5.240000000000000e+02	 2.745760000000000e+05
 5.250000000000000e+02	 2.756250000000000e+05
 5.260000000000000e+02	 2.766760000000000e+05
 5.270000000000000e+02	 2.777290000000000e+05
 5.280000000000000e+02	 2.787840000000000e+05
 5.290000000000000e+02	 2.798410000000000e+05
 5.300000000000000e+02	 2.809000000000000e+05
 5.310000000000000e+02	 2.819610000000000e+05
 5.320000000000000e+02	 2.830240000000000e+05
 5.330000000000000e+02	 2.840890000000000e+05
 5.340000000000000e+02	 2.851560000000000e+05
 5.350000000000000e+02	 2.862250000000000e+05
 5.360000000000000e+02	 2.872960000000000e+05
 5.370000000000000e+02	 2.883690000000000e+05
 5.380000000000000e+02	 2.894440000000000e+05
 5.390000000000000e+02	 2.905210000000000e+05
 5.400000000000000e+02	 2.916000000000000e+05
 5.410000000000000e+02	 2.926810000000000e+05
 5.420000000000000e+02	 2.937640000000000e+05
 5.430000000000000e+02	 2.948490000000000e+05
 5.440000000000000e+02	 2.959360000000000e+05
 5.450000000000000e+02	 2.970250000000000e+05
 5.460000000000000e+02	 2.981160000000000e+05
 5.470000000000000e+02	 2.992090000000000e+05
 5.480000000000000e+02	 3.003040000000000e+05
 5.490000000000000e+02	 3.014010000000000e+05
 5.500000000000000e+02	 3.025000000000000e+05
 5.510000000000000e+02	 3.036010000000000e+05
 5.520000000000000e+02	 3.047040000000000e+05
 5.530000000000000e+02	 3.058090000000000e+05
 5.540000000000000e+02	 3.069160000000000e+05
 5.550000000000000e+02	 3.080250000000000e+05
 5.560000000000000e+02	 3.091360000000000e+05
 5.570000000000000e+02	 3.102490000000000e+05
 5.580000000000000e+02	 3.113640000000000e+05
 5.590000000000000e+02	 3.124810000000000e+05
 5.600000000000000e+02	 3.136000000000000e+05
 5.610000000000000e+02	 3.147210000000000e+05
 5.620000000000000e+02	 3.158440000000000e+05
 5.630000000000000e+02	 3.169690000000000e+05
 5.640000000000000e+02	 3.180960000000000e+05
 5.650000000000000e+02	 3.192250000000000e+05
 5.660000000000000e+02	 3.203560000000000e+05
 5.670000000000000e+02	 3.214890000000000e+05
 5.680000000000000e+02	 3.226240000000000e+05
 5.690000000000000e+02	 3.237610000000000e+05
 5.700000000000000e+02	 3.249000000000000e+05
 5.710000000000000e+02	 3.260410000000000e+05
 5.720000000000000e+02	 3.271840000000000e+05
 5.730000000000000e+02	 3.283290000000000e+05
 5.740000000000000e+02	 3.294760000000000e+05
 5.750000000000000e+02	 3.306250000000000e+05
 5.760000000000000e+02	 3.317760000000000e+05
 5.770000000000000e+02	 3.329290000000000e+05
 5.780000000000000e+02	 3.340840000000000e+05
 5.790000000000000e+02	 3.352410000000000e+05
 5.800000000000000e+02	 3.364000000000000e+05
 5.810000000000000e+02	 3.375610000000000e+05
 5.820000000000000e+02	 3.387240000000000e+05
 5.830000000000000e+02	 3.398890000000000e+05
 5.840000000000000e+02	 3.410560000000000e+05
 5.850000000000000e+02	 3.422250000000000e+05
 5.860000000000000e+02	 3.433960000000000e+05
 5.870000000000000e+02	 3.445690000000000e+05
 5.880000000000000e+02	 3.457440000000000e+05
 5.890000000000000e+02	 3.469210000000000e+05
 5.900000000000000e+02	 3.481000000000000e+05
 5.910000000000000e+02	 3.492810000000000e+05
 5.920000000000000e+02	 3.504640000000000e+05
 5.930000000000000e+02	 3.516490000000000e+05
 5.940000000000000e+02	 3.528360000000000e+05
 5.950000000000000e+02	 3.540250000000000e+05
 5.960000000000000e+02	 3.552160000000000e+05
 5.970000000000000e+02	 3.564090000000000e+05
 5.980000000000000e+02	 3.576040000000000e+05
 5.990000000000000e+02	 3.588010000000000e+05
 6.000000000000000e+02	 3.600000000000000e+05
 6.010000000000000e+02	 3.612010000000000e+05
 6.020000000000000e+02	 3.624040000000000e+05
 6.030000000000000e+02	 3.636090000000000e+05
 6.040000000000000e+02	 3.648160000000000e+05
 6.050000000000000e+02	 3.660250000000000e+05
 6.060000000000000e+02	 3.672360000000000e+05
 6.070000000000000e+02	 3.684490000000000e+05
 6.080000000000000e+02	 3.696640000000000e+05
 6.090000000000000e+02	 3.708810000000000e+05
 6.100000000000000e+02	 3.721000000000000e+05
 6.110000000000000e+02	 3.733210000000000e+05
 6.120000000000000e+02	 3.745440000000000e+05
 6.130000000000000e+02	 3.757690000000000e+05
 6.140000000000000e+02	 3.769960000000000e+05
 6.150000000000000e+02	 3.782250000000000e+05
 6.160000000000000e+02	 3.794560000000000e+05
 6.170000000000000e+02	 3.806890000000000e+05
 6.180000000000000e+02	 3.819240000000000e+05
 6.190000000000000e+02	 3.831610000000000e+05
 6.200000000000000e+02	 3.844000000000000e+05
 6.210000000000000e+02	 3.856410000000000e+05
 6.220000000000000e+02	 3.868840000000000e+05
 6.230000000000000e+02	 3.881290000000000e+05
 6.240000000000000e+02	 3.893760000000000e+05
 6.250000000000000e+02	 3.906250000000000e+05
 6.260000000000000e+02	 3.918760000000000e+05
 6.270000000000000e+02	 3.931290000000000e+05
 6.280000000000000e+02	 3.943840000000000e+05
 6.290000000000000e+02	 3.956410000000000e+05
 6.300000000000000e+02	 3.969000000000000e+05
 6.310000000000000e+02	 3.981610000000000e+05
 6.320000000000000e+02	 3.994240000000000e+05
 6.330000000000000e+02	 4.006890000000000e+05
 6.340000000000000e+02	 4.019560000000000e+05
 6.350000000000000e+02	 4.032250000000000e+05
 6.360000000000000e+02	 4.044960000000000e+05
 6.370000000000000e+02	 4.057690000000000e+05
 6.380000000000000e+02	 4.070440000000000e+05
 6.390000000000000e+02	 4.083210000000000e+05
 6.400000000000000e+02	 4.096000000000000e+05
 6.410000000000000e+02	 4.108810000000000e+05
 6.420000000000000e+02	 4.121640000000000e+05
 6.430000000000000e+02	 4.134490000000000e+05
 6.440000000000000e+02	 4.147360000000000e+05
 6.450000000000000e+02	 4.160250000000000e+05
 6.460000000000000e+02	 4.173160000000000e+05
 6.470000000000000e+02	 4.186090000000000e+05
 6.480000000000000e+02	 4.199040000000000e+05
 6.490000000000000e+02	 4.212010000000000e+05
 6.500000000000000e+02	 4.225000000000000e+05
 6.510000000000000e+02	 4.238010000000000e+05
 6.520000000000000e+02	 4.251040000000000e+05
 6.530000000000000e+02	 4.264090000000000e+05
 6.540000000000000e+02	 4.277160000000000e+05
 6.550000000000000e+02	 4.290250000000000e+05
 6.560000000000000e+02	 4.303360000000000e+05
 6.570000000000000e+02	 4.316490000000000e+05
 6.580000000000000e+02	 4.329640000000000e+05
 6.590000000000000e+02	 4.342810000000000e+05
 6.600000000000000e+02	 4.356000000000000e+05
 6.610000000000000e+02	 4.369210000000000e+05
 6.620000000000000e+02	 4.382440000000000e+05
 6.630000000000000e+02	 4.395690000000000e+05
 6.640000000000000e+02	 4.408960000000000e+05
 6.650000000000000e+02	 4.422250000000000e+05
 6.660000000000000e+02	 4.435560000000000e+05
 6.670000000000000e+02	 4.448890000000000e+05
 6.680000000000000e+02	 4.462240000000000e+05
 6.690000000000000e+02	 4.475610000000000e+05
 6.700000000000000e+02	 4.489000000000000e+05
 6.710000000000000e+02	 4.502410000000000e+05
 6.720000000000000e+02	 4.515840000000000e+05
 6.730000000000000e+02	 4.529290000000000e+05
 6.740000000000000e+02	 4.542760000000000e+05
 6.750000000000000e+02	 4.556250000000000e+05
 6.760000000000000e+02	 4.569760000000000e+05
 6.770000000000000e+02	 4.583290000000000e+05
 6.780000000000000e+02	 4.596840000000000e+05
 6.790000000000000e+02	 4.610410000000000e+05
 6.800000000000000e+02	 4.624000000000000e+05
 6.810000000000000e+02	 4.637610000000000e+05
 6.820000000000000e+02	 4.651240000000000e+05
 6.830000000000000e+02	 4.664890000000000e+05
 6.840000000000000e+02	 4.678560000000000e+05
 6.850000000000000e+02	 4.692250000000000e+05
 6.860000000000000e+02	 4.705960000000000e+05
 6.870000000000000e+02	 4.719690000000000e+05
 6.880000000000000e+02	 4.733440000000000e+05
 6.890000000000000e+02	 4.747210000000000e+05
 6.900000000000000e+02	 4.761000000000000e+05
 6.910000000000000e+02	 4.774810000000000e+05
 6.920000000000000e+02	 4.788640000000000e+05
 6.930000000000000e+02	 4.802490000000000e+05
 6.940000000000000e+02	 4.816360000000000e+05
 6.950000000000000e+02	 4.830250000000000e+05
 6.960000000000000e+02	 4.844160000000000e+05
 6.970000000000000e+02	 4.858090000000000e+05
 6.980000000000000e+02	 4.872040000000000e+05
 6.990000000000000e+02	 4.886010000000000e+05
 7.000000000000000e+02	 4.900000000000000e+05
 7.010000000000000e+02	 4.914010000000000e+05
 7.020000000000000e+02	 4.928040000000000e+05
 7.030000000000000e+02	 4.942090000000000e+05
 7.040000000000000e+02	 4.956160000000000e+05
 7.050000000000000e+02	 4.970250000000000e+05
 7.060000000000000e+02	 4.984360000000000e+05
 7.070000000000000e+02	 4.998490000000000e+05
 7.080000000000000e+02	 5.012640000000000e+05
 7.090000000000000e+02	 5.026810000000000e+05
 7.100000000000000e+02	 5.041000000000000e+05
 7.110000000000000e+02	 5.055210000000000e+05
 7.120000000000000e+02	 5.069440000000000e+05
 7.130000000000000e+02	 5.083690000000000e+05
 7.140000000000000e+02	 5.097960000000000e+05
 7.150000000000000e+02	 5.112250000000000e+05
 7.160000000000000e+02	 5.126560000000000e+05
 7.170000000000000e+02	 5.140890000000000e+05
 7.180000000000000e+02	 5.155240000000000e+05
 7.190000000000000e+02	 5.169610000000000e+05
 7.200000000000000e+02	 5.184000000000000e+05
 7.210000000000000e+02	 5.198410000000000e+05
 7.220000000000000e+02	 5.212840000000000e+05
 7.230000000000000e+02	 5.227290000000000e+05
 7.240000000000000e+02	 5.241760000000000e+05
 7.250000000000000e+02	 5.256250000000000e+05
 7.260000000000000e+02	 5.270760000000000e+05
 7.270000000000000e+02	 5.285290000000000e+05
 7.280000000000000e+02	 5.299840000000000e+05
 7.290000000000000e+02	 5.314410000000000e+05
 7.300000000000000e+02	 5.329000000000000e+05
 7.310000000000000e+02	 5.343610000000000e+05
 7.320000000000000e+02	 5.358240000000000e+05
 7.330000000000000e+02	 5.372890000000000e+05
 7.340000000000000e+02	 5.387560000000000e+05
 7.350000000000000e+02	 5.402250000000000e+05
 7.360000000000000e+02	 5.416960000000000e+05
 7.370000000000000e+02	 5.431690000000000e+05
 7.380000000000000e+02	 5.446440000000000e+05
 7.390000000000000e+02	 5.461210000000000e+05
 7.400000000000000e+02	 5.476000000000000e+05
 7.410000000000000e+02	 5.490810000000000e+05
 7.420000000000000e+02	 5.505640000000000e+05
 7.430000000000000e+02	 5.520490000000000e+05
 7.440000000000000e+02	 5.535360000000000e+05
 7.450000000000000e+02	 5.550250000000000e+05
 7.460000000000000e+02	 5.565160000000000e+05
 7.470000000000000e+02	 5.580090000000000e+05
 7.480000000000000e+02	 5.595040000000000e+05
 7.490000000000000e+02	 5.610010000000000e+05
 7.500000000000000e+02	 5.625000000000000e+05
 7.510000000000000e+02	 5.640010000000000e+05
 7.520000000000000e+02	 5.655040000000000e+05
 7.530000000000000e+02	 5.670090000000000e+05
 7.540000000000000e+02	 5.685160000000000e+05
 7.550000000000000e+02	 5.700250000000000e+05
 7.560000000000000e+02	 5.715360000000000e+05
 7.570000000000000e+02	 5.730490000000000e+05
 7.580000000000000e+02	 5.745640000000000e+05
 7.590000000000000e+02	 5.760810000000000e+05
 7.600000000000000e+02	 5.776000000000000e+05
 7.610000000000000e+02	 5.791210000000000e+05
 7.620000000000000e+02	 5.806440000000000e+05
 7.630000000000000e+02	 5.821690000000000e+05
 7.640000000000000e+02	 5.836960000000000e+05
 7.650000000000000e+02	 5.852250000000000e+05
 7.660000000000000e+02	 5.867560000000000e+05
 7.670000000000000e+02	 5.882890000000000e+05
 7.680000000000000e+02	 5.898240000000000e+05
 7.690000000000000e+02	 5.913610000000000e+05
 7.700000000000000e+02	 5.929000000000000e+05
 7.710000000000000e+02	 5.944410000000000e+05
 7.720000000000000e+02	 5.959840000000000e+05
 7.730000000000000e+02	 5.975290000000000e+05
 7.740000000000000e+02	 5.990760000000000e+05
 7.750000000000000e+02	 6.006250000000000e+05
 7.760000000000000e+02	 6.021760000000000e+05
 7.770000000000000e+02	 6.037290000000000e+05
 7.780000000000000e+02	 6.052840000000000e+05
 7.790000000000000e+02	 6.068410000000000e+05
 7.800000000000000e+02	 6.084000000000000e+05
 7.810000000000000e+02	 6.099610000000000e+05
 7.820000000000000e+02	 6.115240000000000e+05
 7.830000000000000e+02	 6.130890000000000e+05
 7.840000000000000e+02	 6.146560000000000e+05
 7.850000000000000e+02	 6.162250000000000e+05
 7.860000000000000e+02	 6.177960000000000e+05
 7.870000000000000e+02	 6.193690000000000e+05
 7.880000000000000e+02	 6.209440000000000e+05
 7.890000000000000e+02	 6.225210000000000e+05
 7.900000000000000e+02	 6.241000000000000e+05
 7.910000000000000e+02	 6.256810000000000e+05
 7.920000000000000e+02	 6.272640000000000e+05
 7.930000000000000e+02	 6.288490000000000e+05
 7.940000000000000e+02	 6.304360000000000e+05
 7.950000000000000e+02	 6.320250000000000e+05
 7.960000000000000e+02	 6.336160000000000e+05
 7.970000000000000e+02	 6.352090000000000e+05
 7.980000000000000e+02	 6.368040000000000e+05
 7.990000000000000e+02	 6.384010000000000e+05
 8.000000000000000e+02	 6.400000000000000e+05
 8.010000000000000e+02	 6.416010000000000e+05
 8.020000000000000e+02	 6.432040000000000e+05
 8.030000000000000e+02	 6.448090000000000e+05
 8.040000000000000e+02	 6.464160000000000e+05
 8.050000000000000e+02	 6.480250000000000e+05
 8.060000000000000e+02	 6.496360000000000e+05
 8.070000000000000e+02	 6.512490000000000e+05
 8.080000000000000e+02	 6.528640000000000e+05
 8.090000000000000e+02	 6.544810000000000e+05
 8.100000000000000e+02	 6.561000000000000e+05
 8.110000000000000e+02	 6.577210000000000e+05
 8.120000000000000e+02	 6.593440000000000e+05
 8.130000000000000e+02	 6.609690000000000e+05
 8.140000000000000e+02	 6.625960000000000e+05
 8.150000000000000e+02	 6.642250000000000e+05
 8.160000000000000e+02	 6.658560000000000e+05
 8.170000000000000e+02	 6.674890000000000e+05
 8.180000000000000e+02	 6.691240000000000e+05
 8.190000000000000e+02	 6.707610000000000e+05
 8.200000000000000e+02	 6.724000000000000e+05
 8.210000000000000e+02	 6.740410000000000e+05
 8.220000000000000e+02	 6.756840000000000e+05
 8.230000000000000e+02	 6.773290000000000e+05
 8.240000000000000e+02	 6.789760000000000e+05
 8.250000000000000e+02	 6.806250000000000e+05
 8.260000000000000e+02	 6.822760000000000e+05
 8.270000000000000e+02	 6.839290000000000e+05
 8.280000000000000e+02	 6.855840000000000e+05
 8.290000000000000e+02	 6.872410000000000e+05
 8.300000000000000e+02	 6.889000000000000e+05
 8.310000000000000e+02	 6.905610000000000e+05
 8.320000000000000e+02	 6.922240000000000e+05
 8.330000000000000e+02	 6.938890000000000e+05
 8.340000000000000e+02	 6.955560000000000e+05
 8.350000000000000e+02	 6.972250000000000e+05
 8.360000000000000e+02	 6.988960000000000e+05
 8.370000000000000e+02	 7.005690000000000e+05
 8.380000000000000e+02	 7.022440000000000e+05
 8.390000000000000e+02	 7.039210000000000e+05
 8.400000000000000e+02	 7.056000000000000e+05
 8.410000000000000e+02	 7.072810000000000e+05
 8.420000000000000e+02	 7.089640000000000e+05
 8.430000000000000e+02	 7.106490000000000e+05
 8.440000000000000e+02	 7.123360000000000e+05
 8.450000000000000e+02	 7.140250000000000e+05
 8.460000000000000e+02	 7.157160000000000e+05
 8.470000000000000e+02	 7.174090000000000e+05
 8.480000000000000e+02	 7.191040000000000e+05
 8.490000000000000e+02	 7.208010000000000e+05
 8.500000000000000e+02	 7.225000000000000e+05
 8.510000000000000e+02	 7.242010000000000e+05
 8.520000000000000e+02	 7.259040000000000e+05
 8.530000000000000e+02	 7.276090000000000e+05
 8.540000000000000e+02	 7.293160000000000e+05
 8.550000000000000e+02	 7.310250000000000e+05
 8.560000000000000e+02	 7.327360000000000e+05
 8.570000000000000e+02	 7.344490000000000e+05
 8.580000000000000e+02	 7.361640000000000e+05
 8.590000000000000e+02	 7.378810000000000e+05
 8.600000000000000e+02	 7.396000000000000e+05
 8.610000000000000e+02	 7.413210000000000e+05
 8.620000000000000e+02	 7.430440000000000e+05
 8.630000000000000e+02	 7.447690000000000e+05
 8.640000000000000e+02	 7.464960000000000e+05
 8.650000000000000e+02	 7.482250000000000e+05
 8.660000000000000e+02	 7.499560000000000e+05
 8.670000000000000e+02	 7.516890000000000e+05
 8.680000000000000e+02	 7.534240000000000e+05
 8.690000000000000e+02	 7.551610000000000e+05
 8.700000000000000e+02	 7.569000000000000e+05
 8.710000000000000e+02	 7.586410000000000e+05
 8.720000000000000e+02	 7.603840000000000e+05
 8.730000000000000e+02	 7.621290000000000e+05
 8.740000000000000e+02	 7.638760000000000e+05
 8.750000000000000e+02	 7.656250000000000e+05
 8.760000000000000e+02	 7.673760000000000e+05
 8.770000000000000e+02	 7.691290000000000e+05
 8.780000000000000e+02	 7.708840000000000e+05
 8.790000000000000e+02	 7.726410000000000e+05
 8.800000000000000e+02	 7.744000000000000e+05
 8.810000000000000e+02	 7.761610000000000e+05
 8.820000000000000e+02	 7.779240000000000e+05
 8.830000000000000e+02	 7.796890000000000e+05
 8.840000000000000e+02	 7.814560000000000e+05
 8.850000000000000e+02	 7.832250000000000e+05
 8.860000000000000e+02	 7.849960000000000e+05
 8.870000000000000e+02	 7.867690000000000e+05
 8.880000000000000e+02	 7.885440000000000e+05
 8.890000000000000e+02	 7.903210000000000e+05
 8.900000000000000e+02	 7.921000000000000e+05
 8.910000000000000e+02	 7.938810000000000e+05
 8.920000000000000e+02	 7.956640000000000e+05
 8.930000000000000e+02	 7.974490000000000e+05
 8.940000000000000e+02	 7.992360000000000e+05
 8.950000000000000e+02	 8.010250000000000e+05
 8.960000000000000e+02	 8.028160000000000e+05
 8.970000000000000e+02	 8.046090000000000e+05
 8.980000000000000e+02	 8.064040000000000e+05
 8.990000000000000e+02	 8.082010000000000e+05
 9.000000000000000e+02	 8.100000000000000e+05
 9.010000000000000e+02	 8.118010000000000e+05
 9.020000000000000e+02	 8.136040000000000e+05
 9.030000000000000e+02	 8.154090000000000e+05
 9.040000000000000e+02	 8.172160000000000e+05
 9.050000000000000e+02	 8.190250000000000e+05
 9.060000000000000e+02	 8.208360000000000e+05
 9.070000000000000e+02	 8.226490000000000e+05
 9.080000000000000e+02	 8.244640000000000e+05
 9.090000000000000e+02	 8.262810000000000e+05
 9.100000000000000e+02	 8.281000000000000e+05
 9.110000000000000e+02	 8.299210000000000e+05
 9.120000000000000e+02	 8.317440000000000e+05
 9.130000000000000e+02	 8.335690000000000e+05
 9.140000000000000e+02	 8.353960000000000e+05
 9.150000000000000e+02	 8.372250000000000e+05
 9.160000000000000e+02	 8.390560000000000e+05
 9.170000000000000e+02	 8.408890000000000e+05
 9.180000000000000e+02	 8.427240000000000e+05
 9.190000000000000e+02	 8.445610000000000e+05
 9.200000000000000e+02	 8.464000000000000e+05
 9.210000000000000e+02	 8.482410000000000e+05
 9.220000000000000e+02	 8.500840000000000e+05
 9.230000000000000e+02	 8.519290000000000e+05
 9.240000000000000e+02	 8.537760000000000e+05
 9.250000000000000e+02	 8.556250000000000e+05
 9.260000000000000e+02	 8.574760000000000e+05
 9.270000000000000e+02	 8.593290000000000e+05
 9.280000000000000e+02	 8.611840000000000e+05
 9.290000000000000e+02	 8.630410000000000e+05
 9.300000000000000e+02	 8.649000000000000e+05
 9.310000000000000e+02	 8.667610000000000e+05
 9.320000000000000e+02	 8.686240000000000e+05
 9.330000000000000e+02	 8.704890000000000e+05
 9.340000000000000e+02	 8.723560000000000e+05
 9.350000000000000e+02	 8.742250000000000e+05
 9.360000000000000e+02	 8.760960000000000e+05
 9.370000000000000e+02	 8.779690000000000e+05
 9.380000000000000e+02	 8.798440000000000e+05
 9.390000000000000e+02	 8.817210000000000e+05
 9.400000000000000e+02	 8.836000000000000e+05
 9.410000000000000e+02	 8.854810000000000e+05
 9.420000000000000e+02	 8.873640000000000e+05
 9.430000000000000e+02	 8.892490000000000e+05
 9.440000000000000e+02	 8.911360000000000e+05
 9.450000000000000e+02	 8.930250000000000e+05
 9.460000000000000e+02	 8.949160000000000e+05
 9.470000000000000e+02	 8.968090000000000e+05
 9.480000000000000e+02	 8.987040000000000e+05
 9.490000000000000e+02	 9.006010000000000e+05
 9.500000000000000e+02	 9.025000000000000e+05
 9.510000000000000e+02	 9.044010000000000e+05
 9.520000000000000e+02	 9.063040000000000e+05
 9.530000000000000e+02	 9.082090000000000e+05
 9.540000000000000e+02	 9.101160000000000e+05
 9.550000000000000e+02	 9.120250000000000e+05
 9.560000000000000e+02	 9.139360000000000e+05
 9.570000000000000e+02	 9.158490000000000e+05
 9.580000000000000e+02	 9.177640000000000e+05
 9.590000000000000e+02	 9.196810000000000e+05
 9.600000000000000e+02	 9.216000000000000e+05
 9.610000000000000e+02	 9.235210000000000e+05
 9.620000000000000e+02	 9.254440000000000e+05
 9.630000000000000e+02	 9.273690000000000e+05
 9.640000000000000e+02	 9.292960000000000e+05
 9.650000000000000e+02	 9.312250000000000e+05
 9.660000000000000e+02	 9.331560000000000e+05
 9.670000000000000e+02	 9.350890000000000e+05
 9.680000000000000e+02	 9.370240000000000e+05
 9.690000000000000e+02	 9.389610000000000e+05
 9.700000000000000e+02	 9.409000000000000e+05
 9.710000000000000e+02	 9.428410000000000e+05
 9.720000000000000e+02	 9.447840000000000e+05
 9.730000000000000e+02	 9.467290000000000e+05
 9.740000000000000e+02	 9.486760000000000e+05
 9.750000000000000e+02	 9.506250000000000e+05
 9.760000000000000e+02	 9.525760000000000e+05
 9.770000000000000e+02	 9.545290000000000e+05
 9.780000000000000e+02	 9.564840000000000e+05
 9.790000000000000e+02	 9.584410000000000e+05
 9.800000000000000e+02	 9.604000000000000e+05
 9.810000000000000e+02	 9.623610000000000e+05
 9.820000000000000e+02	 9.643240000000000e+05
 9.830000000000000e+02	 9.662890000000000e+05
 9.840000000000000e+02	 9.682560000000000e+05
 9.850000000000000e+02	 9.702250000000000e+05
 9.860000000000000e+02	 9.721960000000000e+05
 9.870000000000000e+02	 9.741690000000000e+05
 9.880000000000000e+02	 9.761440000000000e+05
 9.890000000000000e+02	 9.781210000000000e+05
 9.900000000000000e+02	 9.801000000000000e+05
 9.910000000000000e+02	 9.820810000000000e+05
 9.920000000000000e+02	 9.840640000000000e+05
 9.930000000000000e+02	 9.860490000000000e+05
 9.940000000000000e+02	 9.880360000000000e+05
 9.950000000000000e+02	 9.900250000000000e+05
 9.960000000000000e+02	 9.920160000000000e+05
 9.970000000000000e+02	 9.940090000000000e+05
 9.980000000000000e+02	 9.960040000000000e+05
 9.990000000000000e+02	 9.980010000000000e+05
 1.000000000000000e+03	 1.000000000000000e+06
